Ti  0.292371434  2.127415539  0.931820741  0  0  0
Ti  -1.008579709  5.694631850  0.931850313  0  0  0
Ti  -2.309417879  9.261988356  0.931865405  0  0  0
Ti  5.833783251  2.127412944  0.931821072  0  0  0
Ti  4.532832495  5.694629098  0.931850446  0  0  0
Ti  3.231994072  9.261985873  0.931865211  0  0  0
Ti  1.684376380  2.631273198  4.424772456  0  0  0
Ti  0.383476048  6.198552657  4.424712182  0  0  0
Ti  -0.917514392  9.765802531  4.424791070  0  0  0
Ti  7.225788510  2.631270997  4.424773213  0  0  0
Ti  5.924888696  6.198550087  4.424712555  0  0  0
Ti  4.623898235  9.765799654  4.424791281  0  0  0
Ti  3.122763494  3.157034759  8.024993841
Ti  1.821950971  6.724148032  8.024881637
Ti  0.521021587  10.291440933  8.025085563
Ti  8.664176421  3.157033110  8.024996233 
Ti  7.363364106  6.724146907  8.024884713 
Ti  6.062434721  10.291439399  8.025087905
Ti  2.925710353  3.090235226  1.400679025  0  0  0
Ti  1.624783921  6.657484155  1.400627271  0  0  0
Ti  0.323930714  10.224771186  1.400761165  0  0  0
Ti  8.467121604  3.090236715  1.400679071  0  0  0
Ti  7.166195225  6.657485725  1.400627243  0  0  0
Ti  5.865341936  10.224772766  1.400761226  0  0  0
Ti  0.122517751  0.048419550  5.000903335  0  0  0
Ti  -1.178230124  3.615666824  5.000876222  0  0  0
Ti  -2.479077264  7.182753387  5.000826545  0  0  0
Ti  5.663931944  0.048417860  5.000902716  0  0  0
Ti  4.363183448  3.615665222  5.000875742  0  0  0
Ti  3.062336318  7.182751735  5.000826541  0  0  0
Ti  1.515444946  0.552669392  8.493958772  0  0  0
Ti  0.214575355  4.119826638  8.493966495 
Ti  -1.086254696  7.686948749  8.493906624
Ti  7.056856910  0.552667463  8.493956560 
Ti  5.755988099  4.119824588  8.493964014 
Ti  4.455156987  7.686946749  8.493904639 
O  3.955172533  1.442236847  1.408279307  0  0  0
O  2.654284959  5.009416070  1.408205996  0  0  0
O  1.353392481  8.576684347  1.408134127  0  0  0
O  9.496585375  1.442238389  1.408281596  0  0  0
O  8.195697676  5.009417808  1.408207815  0  0  0
O  6.894805113  8.576686214  1.408136647  0  0  0
O  -0.134452025  1.971396482  4.969684784  0  0  0
O  -1.435318206  5.538593369  4.969671382  0  0  0
O  -2.736166241  9.105824151  4.969691686  0  0  0
O  5.406959808  1.971394855  4.969682939  0  0  0
O  4.106093893  5.538591884  4.969669684  0  0  0
O  2.805245880  9.105822289  4.969689937  0  0  0
O  1.355846722  2.514222748  8.730116138
O  0.054967951  6.081330602  8.729928821
O  -1.245949116  9.648571571  8.729981944
O  6.897258334  2.514220565  8.730113771
O  5.596378794  6.081329244  8.729927006
O  4.295461887  9.648570181  8.729979330
O  1.208758392  2.462615108  2.418654321  0  0  0
O  -0.092143852  6.029974071  2.418640311  0  0  0
O  -1.393011047  9.597216796  2.418701764  0  0  0
O  6.750168895  2.462612724  2.418654854  0  0  0
O  5.449267213  6.029971315  2.418640667  0  0  0
O  4.148398572  9.597214685  2.418702290  0  0  0
O  2.719635622  3.013358051  5.928770572  0  0  0
O  1.418751232  6.580528312  5.928731034  0  0  0
O  0.117896003  10.147755077  5.928754568  0  0  0
O  8.261046468  3.013357345  5.928771094  0  0  0
O  6.960162789  6.580527383  5.928731186  0  0  0
O  5.659307659  10.147755054  5.928755066  0  0  0
O  4.257340336  3.574277878  9.410291280
O  2.956559411  7.141353615  9.410220013
O  1.655638505  10.708697325  9.410340894
O  9.798751674  3.574277254  9.410294832
O  8.497972122  7.141352407  9.410223501
O  7.197051274  10.708696035  9.410344066
O  0.452134015  0.165995058  0.695749006  0  0  0
O  -0.848727871  3.733118438  0.695675848  0  0  0
O  -2.149567543  7.300418304  0.695788244  0  0  0
O  5.993546633  0.165993609  0.695747505  0  0  0
O  4.692684581  3.733116928  0.695674577  0  0  0
O  3.391845148  7.300416232  0.695786953  0  0  0
O  1.941745673  0.708512349  4.455941248  0  0  0
O  0.640842792  4.275687831  4.455800256  0  0  0
O  -0.660040009  7.842904640  4.455830426  0  0  0
O  7.483159730  0.708511100  4.455944397  0  0  0
O  6.182256528  4.275687009  4.455802569  0  0  0
O  4.881374029  7.842903691  4.455833444  0  0  0
O  3.394231991  1.237932351  8.017634010  0  0  0
O  2.093398566  4.805100666  8.017564622  0  0  0
O  0.792535923  8.372300970  8.017662559  0  0  0
O  8.935645109  1.237931358  8.017634772  0  0  0
O  7.634811483  4.805099875  8.017565317  0  0  0
O  6.333948836  8.372300362  8.017663834  0  0  0
O  1.791101220  2.672998728  0.015480959  0  0  0
O  0.490147839  6.240203861  0.015465586  0  0  0
O  -0.810745384  9.807652704  0.015530432  0  0  0
O  7.332513203  2.672999106  0.015481776  0  0  0
O  6.031560380  6.240203983  0.015466192  0  0  0
O  4.730666783  9.807652725  0.015530908  0  0  0
O  3.328415982  3.233841412  3.496781262  0  0  0
O  2.027548432  6.801058107  3.496736260  0  0  0
O  0.726701930  10.368258532  3.496761526  0  0  0
O  8.869825722  3.233841315  3.496781930  0  0  0
O  7.568958794  6.801057885  3.496736367  0  0  0
O  6.268111727  10.368257758  3.496761792  0  0  0
O  0.599020907  0.217332610  7.007153162  0  0  0
O  -0.701788136  3.784583700  7.007098520  0  0  0
O  -2.002671487  7.351703376  7.007046658  0  0  0
O  6.140433369  0.217331514  7.007150694  0  0  0
O  4.839625529  3.784581805  7.007095885  0  0  0
O  3.538741640  7.351701989  7.007043883  0  0  0
Ir  1.000000000  3.786576542  2.365463486
Ir  3.287567645  4.576453544  6.475678645
